<?xml version="1.0"?>
<opencv_storage>
<calibration_time>"vr 05 mei 2017 18:12:02 CEST"</calibration_time>
<image_width>640</image_width>
<image_height>480</image_height>
<flags>0</flags>
<camera_matrix type_id="opencv-matrix">
  <rows>3</rows>
  <cols>3</cols>
  <dt>d</dt>
  <data>
    2.3670764887983177e+02 0. 3.1952981529956298e+02 0.
    2.3529691756630183e+02 2.2554756882283064e+02 0. 0. 1.</data></camera_matrix>
<distortion_coefficients type_id="opencv-matrix">
  <rows>1</rows>
  <cols>5</cols>
  <dt>d</dt>
  <data>
    -2.7086967831833159e-01 5.9345367785705518e-02
    2.4027259472500081e-03 3.8852346420784989e-04
    -5.1110468480417602e-03</data></distortion_coefficients>
<avg_reprojection_error>1.0620442014340550e+00</avg_reprojection_error>
</opencv_storage>
